{
 "cells": [
  {
   "cell_type": "code",
   "execution_count": 1,
   "id": "4d7b1e43",
   "metadata": {},
   "outputs": [],
   "source": [
    "import pandas as pd\n",
    "import numpy as np\n",
    "from sklearn.preprocessing import MultiLabelBinarizer\n",
    "import pickle"
   ]
  },
  {
   "cell_type": "code",
   "execution_count": 3,
   "id": "2fe23aaf",
   "metadata": {},
   "outputs": [
    {
     "data": {
      "text/plain": [
       "array([[1, 1, 0, ..., 1, 1, 1],\n",
       "       [1, 1, 1, ..., 1, 1, 1],\n",
       "       [1, 0, 0, ..., 0, 1, 0],\n",
       "       ...,\n",
       "       [0, 0, 0, ..., 0, 0, 1],\n",
       "       [0, 0, 0, ..., 0, 0, 1],\n",
       "       [0, 0, 0, ..., 0, 0, 1]])"
      ]
     },
     "execution_count": 3,
     "metadata": {},
     "output_type": "execute_result"
    }
   ],
   "source": [
    "df = pd.read_csv('train_set.csv')\n",
    "train_Y = np.array(pd.DataFrame(df['Label'])).tolist()\n",
    "list_1 = []\n",
    "list_2 = []\n",
    "for i in train_Y:\n",
    "    list_2 = [int(i) for i in i[0].split(',')]\n",
    "    list_1.append(list_2)\n",
    "Train_Y = MultiLabelBinarizer().fit_transform(list_1)\n",
    "train_Y = np.asarray(Train_Y.tolist())\n",
    "train_Y"
   ]
  },
  {
   "cell_type": "code",
   "execution_count": 4,
   "id": "2715ad38",
   "metadata": {},
   "outputs": [
    {
     "data": {
      "text/plain": [
       "(array([[0., 0., 0., 0., 0., 0., 0., 0., 0., 0., 0.],\n",
       "        [0., 0., 0., 0., 0., 0., 0., 0., 0., 0., 0.],\n",
       "        [0., 0., 0., 0., 0., 0., 0., 0., 0., 0., 0.],\n",
       "        [0., 0., 0., 0., 0., 0., 0., 0., 0., 0., 0.],\n",
       "        [0., 0., 0., 0., 0., 0., 0., 0., 0., 0., 0.],\n",
       "        [0., 0., 0., 0., 0., 0., 0., 0., 0., 0., 0.],\n",
       "        [0., 0., 0., 0., 0., 0., 0., 0., 0., 0., 0.],\n",
       "        [0., 0., 0., 0., 0., 0., 0., 0., 0., 0., 0.],\n",
       "        [0., 0., 0., 0., 0., 0., 0., 0., 0., 0., 0.],\n",
       "        [0., 0., 0., 0., 0., 0., 0., 0., 0., 0., 0.],\n",
       "        [0., 0., 0., 0., 0., 0., 0., 0., 0., 0., 0.]]),\n",
       " array([0., 0., 0., 0., 0., 0., 0., 0., 0., 0., 0.]))"
      ]
     },
     "execution_count": 4,
     "metadata": {},
     "output_type": "execute_result"
    }
   ],
   "source": [
    "# adj_matrix表示相关性矩阵，相关矩阵主要是标签a出现时标签b,c,d出现的个数，标签b出现时a,c,d出现的个数这样的…是一个对称矩阵\n",
    "# nums_matrix保存的则是标签a,b,c,d分别出现的次数\n",
    "nums_matrix = np.zeros(shape=11)\n",
    "adj_matrix = np.zeros(shape=(11,11))\n",
    "adj_matrix,nums_matrix "
   ]
  },
  {
   "cell_type": "code",
   "execution_count": 5,
   "id": "ddc1bb42",
   "metadata": {},
   "outputs": [
    {
     "data": {
      "text/plain": [
       "{'adj': array([[  0., 476., 292., 129., 449., 261., 165., 250., 267., 334., 310.],\n",
       "        [476.,   0., 211., 129., 449., 279., 112., 258., 228., 283., 297.],\n",
       "        [292., 211.,   0.,  71., 236., 157., 145., 138., 245., 235., 193.],\n",
       "        [129., 129.,  71.,   0., 125.,  99.,  47.,  95.,  72., 116.,  98.],\n",
       "        [449., 449., 236., 125.,   0., 336., 116., 312., 287., 504., 426.],\n",
       "        [261., 279., 157.,  99., 336.,   0., 111., 189., 172., 285., 200.],\n",
       "        [165., 112., 145.,  47., 116., 111.,   0., 125., 138., 162.,  81.],\n",
       "        [250., 258., 138.,  95., 312., 189., 125.,   0., 205., 269., 184.],\n",
       "        [267., 228., 245.,  72., 287., 172., 138., 205.,   0., 346., 208.],\n",
       "        [334., 283., 235., 116., 504., 285., 162., 269., 346.,   0., 222.],\n",
       "        [310., 297., 193.,  98., 426., 200.,  81., 184., 208., 222.,   0.]]),\n",
       " 'nums': array([1009.,  678.,  965.,  306., 1295.,  534.,  293.,  852., 1344.,\n",
       "        1714., 1324.])}"
      ]
     },
     "execution_count": 5,
     "metadata": {},
     "output_type": "execute_result"
    }
   ],
   "source": [
    "for index in range(len(train_Y)):\n",
    "    data = train_Y[index]\n",
    "    for i in range(11):\n",
    "        if data[i] == 1:\n",
    "            nums_matrix[i] += 1\n",
    "            for j in range(11):\n",
    "                if j != i:\n",
    "                    if data[j] == 1:\n",
    "                        adj_matrix[i][j] += 1\n",
    "\n",
    "adj = {'adj': adj_matrix,\n",
    "       'nums': nums_matrix}\n",
    "adj"
   ]
  },
  {
   "cell_type": "code",
   "execution_count": 6,
   "id": "a5bd5d28",
   "metadata": {},
   "outputs": [],
   "source": [
    "pickle.dump(adj, open('./adj.pkl', 'wb'), pickle.HIGHEST_PROTOCOL)"
   ]
  },
  {
   "cell_type": "code",
   "execution_count": null,
   "id": "0517c8d4",
   "metadata": {},
   "outputs": [],
   "source": []
  }
 ],
 "metadata": {
  "kernelspec": {
   "display_name": "Python 3",
   "language": "python",
   "name": "python3"
  },
  "language_info": {
   "codemirror_mode": {
    "name": "ipython",
    "version": 3
   },
   "file_extension": ".py",
   "mimetype": "text/x-python",
   "name": "python",
   "nbconvert_exporter": "python",
   "pygments_lexer": "ipython3",
   "version": "3.8.10"
  },
  "toc": {
   "base_numbering": 1,
   "nav_menu": {},
   "number_sections": true,
   "sideBar": true,
   "skip_h1_title": false,
   "title_cell": "Table of Contents",
   "title_sidebar": "Contents",
   "toc_cell": false,
   "toc_position": {},
   "toc_section_display": true,
   "toc_window_display": false
  },
  "varInspector": {
   "cols": {
    "lenName": 16,
    "lenType": 16,
    "lenVar": 40
   },
   "kernels_config": {
    "python": {
     "delete_cmd_postfix": "",
     "delete_cmd_prefix": "del ",
     "library": "var_list.py",
     "varRefreshCmd": "print(var_dic_list())"
    },
    "r": {
     "delete_cmd_postfix": ") ",
     "delete_cmd_prefix": "rm(",
     "library": "var_list.r",
     "varRefreshCmd": "cat(var_dic_list()) "
    }
   },
   "types_to_exclude": [
    "module",
    "function",
    "builtin_function_or_method",
    "instance",
    "_Feature"
   ],
   "window_display": false
  }
 },
 "nbformat": 4,
 "nbformat_minor": 5
}
