{
 "cells": [
  {
   "cell_type": "code",
   "execution_count": 1,
   "id": "4d7b1e43",
   "metadata": {},
   "outputs": [],
   "source": [
    "import pandas as pd\n",
    "import numpy as np\n",
    "from sklearn.preprocessing import MultiLabelBinarizer\n",
    "import pickle"
   ]
  },
  {
   "cell_type": "code",
   "execution_count": 2,
   "id": "2fe23aaf",
   "metadata": {},
   "outputs": [
    {
     "data": {
      "text/plain": [
       "array([[1, 1, 0, ..., 1, 1, 1],\n",
       "       [1, 1, 1, ..., 1, 1, 1],\n",
       "       [1, 0, 0, ..., 0, 1, 0],\n",
       "       ...,\n",
       "       [0, 0, 0, ..., 0, 0, 1],\n",
       "       [0, 0, 0, ..., 0, 0, 1],\n",
       "       [0, 0, 0, ..., 0, 0, 1]])"
      ]
     },
     "execution_count": 2,
     "metadata": {},
     "output_type": "execute_result"
    }
   ],
   "source": [
    "df = pd.read_csv('train_set.csv')\n",
    "train_Y = np.array(pd.DataFrame(df['Label'])).tolist()\n",
    "list_1 = []\n",
    "list_2 = []\n",
    "for i in train_Y:\n",
    "    list_2 = [int(i) for i in i[0].split(',')]\n",
    "    list_1.append(list_2)\n",
    "Train_Y = MultiLabelBinarizer().fit_transform(list_1)\n",
    "train_Y = np.asarray(Train_Y.tolist())\n",
    "train_Y"
   ]
  },
  {
   "cell_type": "code",
   "execution_count": 3,
   "id": "2715ad38",
   "metadata": {},
   "outputs": [
    {
     "data": {
      "text/plain": [
       "(array([[0., 0., 0., 0., 0., 0., 0., 0., 0., 0., 0.],\n",
       "        [0., 0., 0., 0., 0., 0., 0., 0., 0., 0., 0.],\n",
       "        [0., 0., 0., 0., 0., 0., 0., 0., 0., 0., 0.],\n",
       "        [0., 0., 0., 0., 0., 0., 0., 0., 0., 0., 0.],\n",
       "        [0., 0., 0., 0., 0., 0., 0., 0., 0., 0., 0.],\n",
       "        [0., 0., 0., 0., 0., 0., 0., 0., 0., 0., 0.],\n",
       "        [0., 0., 0., 0., 0., 0., 0., 0., 0., 0., 0.],\n",
       "        [0., 0., 0., 0., 0., 0., 0., 0., 0., 0., 0.],\n",
       "        [0., 0., 0., 0., 0., 0., 0., 0., 0., 0., 0.],\n",
       "        [0., 0., 0., 0., 0., 0., 0., 0., 0., 0., 0.],\n",
       "        [0., 0., 0., 0., 0., 0., 0., 0., 0., 0., 0.]]),\n",
       " array([0., 0., 0., 0., 0., 0., 0., 0., 0., 0., 0.]))"
      ]
     },
     "execution_count": 3,
     "metadata": {},
     "output_type": "execute_result"
    }
   ],
   "source": [
    "# adj_matrix表示相关性矩阵，相关矩阵主要是标签a出现时标签b,c,d出现的个数，标签b出现时a,c,d出现的个数这样的…是一个对称矩阵\n",
    "# nums_matrix保存的则是标签a,b,c,d分别出现的次数\n",
    "nums_matrix = np.zeros(shape=11)\n",
    "adj_matrix = np.zeros(shape=(11,11))\n",
    "adj_matrix,nums_matrix "
   ]
  },
  {
   "cell_type": "code",
   "execution_count": 4,
   "id": "ddc1bb42",
   "metadata": {},
   "outputs": [
    {
     "data": {
      "text/plain": [
       "{'adj': array([[  0., 471., 290., 125., 447., 257., 167., 256., 260., 331., 298.],\n",
       "        [471.,   0., 206., 130., 450., 278., 115., 265., 223., 282., 286.],\n",
       "        [290., 206.,   0.,  63., 234., 152., 146., 143., 244., 225., 183.],\n",
       "        [125., 130.,  63.,   0., 126.,  96.,  45.,  99.,  72., 114.,  92.],\n",
       "        [447., 450., 234., 126.,   0., 347., 116., 321., 288., 508., 413.],\n",
       "        [257., 278., 152.,  96., 347.,   0., 109., 198., 172., 291., 190.],\n",
       "        [167., 115., 146.,  45., 116., 109.,   0., 133., 138., 160.,  77.],\n",
       "        [256., 265., 143.,  99., 321., 198., 133.,   0., 208., 277., 179.],\n",
       "        [260., 223., 244.,  72., 288., 172., 138., 208.,   0., 348., 207.],\n",
       "        [331., 282., 225., 114., 508., 291., 160., 277., 348.,   0., 209.],\n",
       "        [298., 286., 183.,  92., 413., 190.,  77., 179., 207., 209.,   0.]]),\n",
       " 'nums': array([1021.,  683.,  956.,  309., 1316.,  550.,  297.,  867., 1348.,\n",
       "        1698., 1313.])}"
      ]
     },
     "execution_count": 4,
     "metadata": {},
     "output_type": "execute_result"
    }
   ],
   "source": [
    "for index in range(len(train_Y)):\n",
    "    data = train_Y[index]\n",
    "    for i in range(11):\n",
    "        if data[i] == 1:\n",
    "            nums_matrix[i] += 1\n",
    "            for j in range(11):\n",
    "                if j != i:\n",
    "                    if data[j] == 1:\n",
    "                        adj_matrix[i][j] += 1\n",
    "\n",
    "adj = {'adj': adj_matrix,\n",
    "       'nums': nums_matrix}\n",
    "adj"
   ]
  },
  {
   "cell_type": "code",
   "execution_count": 5,
   "id": "a5bd5d28",
   "metadata": {},
   "outputs": [],
   "source": [
    "pickle.dump(adj, open('./adj.pkl', 'wb'), pickle.HIGHEST_PROTOCOL)"
   ]
  },
  {
   "cell_type": "code",
   "execution_count": null,
   "id": "0517c8d4",
   "metadata": {},
   "outputs": [],
   "source": []
  }
 ],
 "metadata": {
  "kernelspec": {
   "display_name": "Python 3",
   "language": "python",
   "name": "python3"
  },
  "language_info": {
   "codemirror_mode": {
    "name": "ipython",
    "version": 3
   },
   "file_extension": ".py",
   "mimetype": "text/x-python",
   "name": "python",
   "nbconvert_exporter": "python",
   "pygments_lexer": "ipython3",
   "version": "3.8.10"
  },
  "toc": {
   "base_numbering": 1,
   "nav_menu": {},
   "number_sections": true,
   "sideBar": true,
   "skip_h1_title": false,
   "title_cell": "Table of Contents",
   "title_sidebar": "Contents",
   "toc_cell": false,
   "toc_position": {},
   "toc_section_display": true,
   "toc_window_display": false
  },
  "varInspector": {
   "cols": {
    "lenName": 16,
    "lenType": 16,
    "lenVar": 40
   },
   "kernels_config": {
    "python": {
     "delete_cmd_postfix": "",
     "delete_cmd_prefix": "del ",
     "library": "var_list.py",
     "varRefreshCmd": "print(var_dic_list())"
    },
    "r": {
     "delete_cmd_postfix": ") ",
     "delete_cmd_prefix": "rm(",
     "library": "var_list.r",
     "varRefreshCmd": "cat(var_dic_list()) "
    }
   },
   "types_to_exclude": [
    "module",
    "function",
    "builtin_function_or_method",
    "instance",
    "_Feature"
   ],
   "window_display": false
  }
 },
 "nbformat": 4,
 "nbformat_minor": 5
}
